--- FULL PARAMETRICAL OUTPUT ---
----------------------------------------------
Time of the calculation       : 10-04-2018 11:33:21
Type of the calculation       : Basic approximated
Name of the project           : Nový projekt
Name of the span              : Nové rozpätie

Total number of wires         : 7
Number of phase conductors    : 6
Number of ground wires        : 1
Number of parametrical steps  : 39
----------------------------------------------

parameter - R012[fv] - L012[fv] - C012[fv]
1.0 0.2315933 0.1183062 0.1183062 0.2315933 0.1183062 0.1183062 0.0031457 0.0016363 0.0016363 0.0031457 0.0016363 0.0016363 0.00000E0 0.00000E0 0.00000E0 0.00000E0 0.00000E0 0.00000E0 
6.0 0.2307717 0.1182790 0.1182790 0.2307717 0.1182790 0.1182790 0.0034650 0.0016365 0.0016365 0.0034650 0.0016365 0.0016365 0.00000E0 0.00000E0 0.00000E0 0.00000E0 0.00000E0 0.00000E0 
11.0 0.2313176 0.1182709 0.1182709 0.2313176 0.1182709 0.1182709 0.0035633 0.0016365 0.0016365 0.0035633 0.0016365 0.0016365 0.00000E0 0.00000E0 0.00000E0 0.00000E0 0.00000E0 0.00000E0 
16.0 0.2318217 0.1182662 0.1182662 0.2318217 0.1182662 0.1182662 0.0036219 0.0016366 0.0016366 0.0036219 0.0016366 0.0016366 0.00000E0 0.00000E0 0.00000E0 0.00000E0 0.00000E0 0.00000E0 
21.0 0.2322596 0.1182629 0.1182629 0.2322596 0.1182629 0.1182629 0.0036633 0.0016366 0.0016366 0.0036633 0.0016366 0.0016366 0.00000E0 0.00000E0 0.00000E0 0.00000E0 0.00000E0 0.00000E0 
26.0 0.2326433 0.1182604 0.1182604 0.2326433 0.1182604 0.1182604 0.0036953 0.0016366 0.0016366 0.0036953 0.0016366 0.0016366 0.00000E0 0.00000E0 0.00000E0 0.00000E0 0.00000E0 0.00000E0 
31.0 0.2329842 0.1182584 0.1182584 0.2329842 0.1182584 0.1182584 0.0037213 0.0016366 0.0016366 0.0037213 0.0016366 0.0016366 0.00000E0 0.00000E0 0.00000E0 0.00000E0 0.00000E0 0.00000E0 
36.0 0.2332909 0.1182567 0.1182567 0.2332909 0.1182567 0.1182567 0.0037432 0.0016366 0.0016366 0.0037432 0.0016366 0.0016366 0.00000E0 0.00000E0 0.00000E0 0.00000E0 0.00000E0 0.00000E0 
41.0 0.2335699 0.1182552 0.1182552 0.2335699 0.1182552 0.1182552 0.0037620 0.0016366 0.0016366 0.0037620 0.0016366 0.0016366 0.00000E0 0.00000E0 0.00000E0 0.00000E0 0.00000E0 0.00000E0 
46.0 0.2338259 0.1182539 0.1182539 0.2338259 0.1182539 0.1182539 0.0037784 0.0016366 0.0016366 0.0037784 0.0016366 0.0016366 0.00000E0 0.00000E0 0.00000E0 0.00000E0 0.00000E0 0.00000E0 
51.0 0.2340625 0.1182528 0.1182528 0.2340625 0.1182528 0.1182528 0.0037931 0.0016366 0.0016366 0.0037931 0.0016366 0.0016366 0.00000E0 0.00000E0 0.00000E0 0.00000E0 0.00000E0 0.00000E0 
56.0 0.2342827 0.1182518 0.1182518 0.2342827 0.1182518 0.1182518 0.0038063 0.0016366 0.0016366 0.0038063 0.0016366 0.0016366 0.00000E0 0.00000E0 0.00000E0 0.00000E0 0.00000E0 0.00000E0 
61.0 0.2344887 0.1182509 0.1182509 0.2344887 0.1182509 0.1182509 0.0038183 0.0016366 0.0016366 0.0038183 0.0016366 0.0016366 0.00000E0 0.00000E0 0.00000E0 0.00000E0 0.00000E0 0.00000E0 
66.0 0.2346822 0.1182501 0.1182501 0.2346822 0.1182501 0.1182501 0.0038293 0.0016367 0.0016367 0.0038293 0.0016367 0.0016367 0.00000E0 0.00000E0 0.00000E0 0.00000E0 0.00000E0 0.00000E0 
71.0 0.2348648 0.1182493 0.1182493 0.2348648 0.1182493 0.1182493 0.0038394 0.0016367 0.0016367 0.0038394 0.0016367 0.0016367 0.00000E0 0.00000E0 0.00000E0 0.00000E0 0.00000E0 0.00000E0 
76.0 0.2350376 0.1182486 0.1182486 0.2350376 0.1182486 0.1182486 0.0038488 0.0016367 0.0016367 0.0038488 0.0016367 0.0016367 0.00000E0 0.00000E0 0.00000E0 0.00000E0 0.00000E0 0.00000E0 
81.0 0.2352019 0.1182479 0.1182479 0.2352019 0.1182479 0.1182479 0.0038575 0.0016367 0.0016367 0.0038575 0.0016367 0.0016367 0.00000E0 0.00000E0 0.00000E0 0.00000E0 0.00000E0 0.00000E0 
86.0 0.2353583 0.1182473 0.1182473 0.2353583 0.1182473 0.1182473 0.0038657 0.0016367 0.0016367 0.0038657 0.0016367 0.0016367 0.00000E0 0.00000E0 0.00000E0 0.00000E0 0.00000E0 0.00000E0 
91.0 0.2355076 0.1182467 0.1182467 0.2355076 0.1182467 0.1182467 0.0038734 0.0016367 0.0016367 0.0038734 0.0016367 0.0016367 0.00000E0 0.00000E0 0.00000E0 0.00000E0 0.00000E0 0.00000E0 
96.0 0.2356505 0.1182462 0.1182462 0.2356505 0.1182462 0.1182462 0.0038806 0.0016367 0.0016367 0.0038806 0.0016367 0.0016367 0.00000E0 0.00000E0 0.00000E0 0.00000E0 0.00000E0 0.00000E0 
101.0 0.2357876 0.1182456 0.1182456 0.2357876 0.1182456 0.1182456 0.0038875 0.0016367 0.0016367 0.0038875 0.0016367 0.0016367 0.00000E0 0.00000E0 0.00000E0 0.00000E0 0.00000E0 0.00000E0 
106.0 0.2359193 0.1182452 0.1182452 0.2359193 0.1182452 0.1182452 0.0038940 0.0016367 0.0016367 0.0038940 0.0016367 0.0016367 0.00000E0 0.00000E0 0.00000E0 0.00000E0 0.00000E0 0.00000E0 
111.0 0.2360460 0.1182447 0.1182447 0.2360460 0.1182447 0.1182447 0.0039002 0.0016367 0.0016367 0.0039002 0.0016367 0.0016367 0.00000E0 0.00000E0 0.00000E0 0.00000E0 0.00000E0 0.00000E0 
116.0 0.2361681 0.1182443 0.1182443 0.2361681 0.1182443 0.1182443 0.0039061 0.0016367 0.0016367 0.0039061 0.0016367 0.0016367 0.00000E0 0.00000E0 0.00000E0 0.00000E0 0.00000E0 0.00000E0 
121.0 0.2362861 0.1182438 0.1182438 0.2362861 0.1182438 0.1182438 0.0039117 0.0016367 0.0016367 0.0039117 0.0016367 0.0016367 0.00000E0 0.00000E0 0.00000E0 0.00000E0 0.00000E0 0.00000E0 
126.0 0.2364000 0.1182434 0.1182434 0.2364000 0.1182434 0.1182434 0.0039171 0.0016367 0.0016367 0.0039171 0.0016367 0.0016367 0.00000E0 0.00000E0 0.00000E0 0.00000E0 0.00000E0 0.00000E0 
131.0 0.2365103 0.1182430 0.1182430 0.2365103 0.1182430 0.1182430 0.0039223 0.0016367 0.0016367 0.0039223 0.0016367 0.0016367 0.00000E0 0.00000E0 0.00000E0 0.00000E0 0.00000E0 0.00000E0 
136.0 0.2366172 0.1182427 0.1182427 0.2366172 0.1182427 0.1182427 0.0039272 0.0016367 0.0016367 0.0039272 0.0016367 0.0016367 0.00000E0 0.00000E0 0.00000E0 0.00000E0 0.00000E0 0.00000E0 
141.0 0.2367208 0.1182423 0.1182423 0.2367208 0.1182423 0.1182423 0.0039320 0.0016367 0.0016367 0.0039320 0.0016367 0.0016367 0.00000E0 0.00000E0 0.00000E0 0.00000E0 0.00000E0 0.00000E0 
146.0 0.2368214 0.1182420 0.1182420 0.2368214 0.1182420 0.1182420 0.0039366 0.0016367 0.0016367 0.0039366 0.0016367 0.0016367 0.00000E0 0.00000E0 0.00000E0 0.00000E0 0.00000E0 0.00000E0 
151.0 0.2369192 0.1182417 0.1182417 0.2369192 0.1182417 0.1182417 0.0039410 0.0016367 0.0016367 0.0039410 0.0016367 0.0016367 0.00000E0 0.00000E0 0.00000E0 0.00000E0 0.00000E0 0.00000E0 
156.0 0.2370143 0.1182413 0.1182413 0.2370143 0.1182413 0.1182413 0.0039452 0.0016367 0.0016367 0.0039452 0.0016367 0.0016367 0.00000E0 0.00000E0 0.00000E0 0.00000E0 0.00000E0 0.00000E0 
161.0 0.2371069 0.1182410 0.1182410 0.2371069 0.1182410 0.1182410 0.0039494 0.0016367 0.0016367 0.0039494 0.0016367 0.0016367 0.00000E0 0.00000E0 0.00000E0 0.00000E0 0.00000E0 0.00000E0 
166.0 0.2371971 0.1182407 0.1182407 0.2371971 0.1182407 0.1182407 0.0039533 0.0016367 0.0016367 0.0039533 0.0016367 0.0016367 0.00000E0 0.00000E0 0.00000E0 0.00000E0 0.00000E0 0.00000E0 
171.0 0.2372850 0.1182405 0.1182405 0.2372850 0.1182405 0.1182405 0.0039572 0.0016367 0.0016367 0.0039572 0.0016367 0.0016367 0.00000E0 0.00000E0 0.00000E0 0.00000E0 0.00000E0 0.00000E0 
176.0 0.2373708 0.1182402 0.1182402 0.2373708 0.1182402 0.1182402 0.0039609 0.0016367 0.0016367 0.0039609 0.0016367 0.0016367 0.00000E0 0.00000E0 0.00000E0 0.00000E0 0.00000E0 0.00000E0 
181.0 0.2374545 0.1182399 0.1182399 0.2374545 0.1182399 0.1182399 0.0039646 0.0016367 0.0016367 0.0039646 0.0016367 0.0016367 0.00000E0 0.00000E0 0.00000E0 0.00000E0 0.00000E0 0.00000E0 
186.0 0.2375363 0.1182397 0.1182397 0.2375363 0.1182397 0.1182397 0.0039681 0.0016367 0.0016367 0.0039681 0.0016367 0.0016367 0.00000E0 0.00000E0 0.00000E0 0.00000E0 0.00000E0 0.00000E0 
191.0 0.2376162 0.1182394 0.1182394 0.2376162 0.1182394 0.1182394 0.0039715 0.0016367 0.0016367 0.0039715 0.0016367 0.0016367 0.00000E0 0.00000E0 0.00000E0 0.00000E0 0.00000E0 0.00000E0 
END OF FILE
