--- FULL PARAMETRICAL OUTPUT ---
----------------------------------------------
Time of the calculation       : 10-04-2018 10:37:46
Type of the calculation       : Basic approximated
Name of the project           : Nový projekt
Name of the span              : Nové rozpätie

Total number of wires         : 7
Number of phase conductors    : 6
Number of ground wires        : 1
Number of parametrical steps  : 19
----------------------------------------------

parameter - R012[fv] - L012[fv] - C012[fv]
0.010.2638753 0.1184115 0.1184115 0.2638753 0.1184115 0.1184115 0.0020679 0.0016359 0.0016359 0.0020679 0.0016359 0.0016359 0.00000E0 0.00000E0 0.00000E0 0.00000E0 0.00000E0 0.00000E0 
0.0600000000000000050.2441068 0.1183629 0.1183629 0.2441068 0.1183629 0.1183629 0.0025393 0.0016361 0.0016361 0.0025393 0.0016361 0.0016361 0.00000E0 0.00000E0 0.00000E0 0.00000E0 0.00000E0 0.00000E0 
0.110.2398508 0.1183489 0.1183489 0.2398508 0.1183489 0.1183489 0.0026825 0.0016361 0.0016361 0.0026825 0.0016361 0.0016361 0.00000E0 0.00000E0 0.00000E0 0.00000E0 0.00000E0 0.00000E0 
0.160000000000000030.2377103 0.1183408 0.1183408 0.2377103 0.1183408 0.1183408 0.0027673 0.0016362 0.0016362 0.0027673 0.0016362 0.0016362 0.00000E0 0.00000E0 0.00000E0 0.00000E0 0.00000E0 0.00000E0 
0.210000000000000020.2363694 0.1183352 0.1183352 0.2363694 0.1183352 0.1183352 0.0028272 0.0016362 0.0016362 0.0028272 0.0016362 0.0016362 0.00000E0 0.00000E0 0.00000E0 0.00000E0 0.00000E0 0.00000E0 
0.260.2354333 0.1183309 0.1183309 0.2354333 0.1183309 0.1183309 0.0028733 0.0016362 0.0016362 0.0028733 0.0016362 0.0016362 0.00000E0 0.00000E0 0.00000E0 0.00000E0 0.00000E0 0.00000E0 
0.310000000000000050.2347359 0.1183274 0.1183274 0.2347359 0.1183274 0.1183274 0.0029106 0.0016362 0.0016362 0.0029106 0.0016362 0.0016362 0.00000E0 0.00000E0 0.00000E0 0.00000E0 0.00000E0 0.00000E0 
0.360000000000000040.2341930 0.1183245 0.1183245 0.2341930 0.1183245 0.1183245 0.0029419 0.0016363 0.0016363 0.0029419 0.0016363 0.0016363 0.00000E0 0.00000E0 0.00000E0 0.00000E0 0.00000E0 0.00000E0 
0.410000000000000030.2337569 0.1183221 0.1183221 0.2337569 0.1183221 0.1183221 0.0029688 0.0016363 0.0016363 0.0029688 0.0016363 0.0016363 0.00000E0 0.00000E0 0.00000E0 0.00000E0 0.00000E0 0.00000E0 
0.460.2333982 0.1183199 0.1183199 0.2333982 0.1183199 0.1183199 0.0029924 0.0016363 0.0016363 0.0029924 0.0016363 0.0016363 0.00000E0 0.00000E0 0.00000E0 0.00000E0 0.00000E0 0.00000E0 
0.510.2330977 0.1183180 0.1183180 0.2330977 0.1183180 0.1183180 0.0030133 0.0016363 0.0016363 0.0030133 0.0016363 0.0016363 0.00000E0 0.00000E0 0.00000E0 0.00000E0 0.00000E0 0.00000E0 
0.560.2328420 0.1183163 0.1183163 0.2328420 0.1183163 0.1183163 0.0030321 0.0016363 0.0016363 0.0030321 0.0016363 0.0016363 0.00000E0 0.00000E0 0.00000E0 0.00000E0 0.00000E0 0.00000E0 
0.61000000000000010.2326220 0.1183148 0.1183148 0.2326220 0.1183148 0.1183148 0.0030492 0.0016363 0.0016363 0.0030492 0.0016363 0.0016363 0.00000E0 0.00000E0 0.00000E0 0.00000E0 0.00000E0 0.00000E0 
0.660.2324306 0.1183134 0.1183134 0.2324306 0.1183134 0.1183134 0.0030649 0.0016363 0.0016363 0.0030649 0.0016363 0.0016363 0.00000E0 0.00000E0 0.00000E0 0.00000E0 0.00000E0 0.00000E0 
0.71000000000000010.2322628 0.1183121 0.1183121 0.2322628 0.1183121 0.1183121 0.0030793 0.0016363 0.0016363 0.0030793 0.0016363 0.0016363 0.00000E0 0.00000E0 0.00000E0 0.00000E0 0.00000E0 0.00000E0 
0.760.2321145 0.1183109 0.1183109 0.2321145 0.1183109 0.1183109 0.0030926 0.0016363 0.0016363 0.0030926 0.0016363 0.0016363 0.00000E0 0.00000E0 0.00000E0 0.00000E0 0.00000E0 0.00000E0 
0.810.2319826 0.1183098 0.1183098 0.2319826 0.1183098 0.1183098 0.0031050 0.0016363 0.0016363 0.0031050 0.0016363 0.0016363 0.00000E0 0.00000E0 0.00000E0 0.00000E0 0.00000E0 0.00000E0 
0.86000000000000010.2318647 0.1183088 0.1183088 0.2318647 0.1183088 0.1183088 0.0031167 0.0016363 0.0016363 0.0031167 0.0016363 0.0016363 0.00000E0 0.00000E0 0.00000E0 0.00000E0 0.00000E0 0.00000E0 
0.910.2317588 0.1183078 0.1183078 0.2317588 0.1183078 0.1183078 0.0031276 0.0016363 0.0016363 0.0031276 0.0016363 0.0016363 0.00000E0 0.00000E0 0.00000E0 0.00000E0 0.00000E0 0.00000E0 
END OF FILE
