--- FULL PARAMETRICAL OUTPUT ---
----------------------------------------------
Time of the calculation       : 10-04-2018 10:25:29
Type of the calculation       : Basic approximated
Name of the project           : Nový projekt
Name of the span              : Nové rozpätie

Total number of wires         : 6
Number of phase conductors    : 6
Number of ground wires        : 0
Number of parametrical steps  : 19
----------------------------------------------

parameter - R012[fv] - L012[fv] - C012[fv]
0.010.2661441 0.1181000 0.1181000 0.2661441 0.1181000 0.1181000 0.0020296 0.0016386 0.0016386 0.0020296 0.0016386 0.0016386 0.00000E0 0.00000E0 0.00000E0 0.00000E0 0.00000E0 0.00000E0 
0.0600000000000000050.2661441 0.1181000 0.1181000 0.2661441 0.1181000 0.1181000 0.0025671 0.0016386 0.0016386 0.0025671 0.0016386 0.0016386 0.00000E0 0.00000E0 0.00000E0 0.00000E0 0.00000E0 0.00000E0 
0.110.2661441 0.1181000 0.1181000 0.2661441 0.1181000 0.1181000 0.0027489 0.0016386 0.0016386 0.0027489 0.0016386 0.0016386 0.00000E0 0.00000E0 0.00000E0 0.00000E0 0.00000E0 0.00000E0 
0.160000000000000030.2661441 0.1181000 0.1181000 0.2661441 0.1181000 0.1181000 0.0028614 0.0016386 0.0016386 0.0028614 0.0016386 0.0016386 0.00000E0 0.00000E0 0.00000E0 0.00000E0 0.00000E0 0.00000E0 
0.210000000000000020.2661441 0.1181000 0.1181000 0.2661441 0.1181000 0.1181000 0.0029429 0.0016386 0.0016386 0.0029429 0.0016386 0.0016386 0.00000E0 0.00000E0 0.00000E0 0.00000E0 0.00000E0 0.00000E0 
0.260.2661441 0.1181000 0.1181000 0.2661441 0.1181000 0.1181000 0.0030070 0.0016386 0.0016386 0.0030070 0.0016386 0.0016386 0.00000E0 0.00000E0 0.00000E0 0.00000E0 0.00000E0 0.00000E0 
0.310000000000000050.2661441 0.1181000 0.1181000 0.2661441 0.1181000 0.1181000 0.0030598 0.0016386 0.0016386 0.0030598 0.0016386 0.0016386 0.00000E0 0.00000E0 0.00000E0 0.00000E0 0.00000E0 0.00000E0 
0.360000000000000040.2661441 0.1181000 0.1181000 0.2661441 0.1181000 0.1181000 0.0031046 0.0016386 0.0016386 0.0031046 0.0016386 0.0016386 0.00000E0 0.00000E0 0.00000E0 0.00000E0 0.00000E0 0.00000E0 
0.410000000000000030.2661441 0.1181000 0.1181000 0.2661441 0.1181000 0.1181000 0.0031437 0.0016386 0.0016386 0.0031437 0.0016386 0.0016386 0.00000E0 0.00000E0 0.00000E0 0.00000E0 0.00000E0 0.00000E0 
0.460.2661441 0.1181000 0.1181000 0.2661441 0.1181000 0.1181000 0.0031782 0.0016386 0.0016386 0.0031782 0.0016386 0.0016386 0.00000E0 0.00000E0 0.00000E0 0.00000E0 0.00000E0 0.00000E0 
0.510.2661441 0.1181000 0.1181000 0.2661441 0.1181000 0.1181000 0.0032091 0.0016386 0.0016386 0.0032091 0.0016386 0.0016386 0.00000E0 0.00000E0 0.00000E0 0.00000E0 0.00000E0 0.00000E0 
0.560.2661441 0.1181000 0.1181000 0.2661441 0.1181000 0.1181000 0.0032372 0.0016386 0.0016386 0.0032372 0.0016386 0.0016386 0.00000E0 0.00000E0 0.00000E0 0.00000E0 0.00000E0 0.00000E0 
0.61000000000000010.2661441 0.1181000 0.1181000 0.2661441 0.1181000 0.1181000 0.0032628 0.0016386 0.0016386 0.0032628 0.0016386 0.0016386 0.00000E0 0.00000E0 0.00000E0 0.00000E0 0.00000E0 0.00000E0 
0.660.2661441 0.1181000 0.1181000 0.2661441 0.1181000 0.1181000 0.0032865 0.0016386 0.0016386 0.0032865 0.0016386 0.0016386 0.00000E0 0.00000E0 0.00000E0 0.00000E0 0.00000E0 0.00000E0 
0.71000000000000010.2661441 0.1181000 0.1181000 0.2661441 0.1181000 0.1181000 0.0033084 0.0016386 0.0016386 0.0033084 0.0016386 0.0016386 0.00000E0 0.00000E0 0.00000E0 0.00000E0 0.00000E0 0.00000E0 
0.760.2661441 0.1181000 0.1181000 0.2661441 0.1181000 0.1181000 0.0033288 0.0016386 0.0016386 0.0033288 0.0016386 0.0016386 0.00000E0 0.00000E0 0.00000E0 0.00000E0 0.00000E0 0.00000E0 
0.810.2661441 0.1181000 0.1181000 0.2661441 0.1181000 0.1181000 0.0033479 0.0016386 0.0016386 0.0033479 0.0016386 0.0016386 0.00000E0 0.00000E0 0.00000E0 0.00000E0 0.00000E0 0.00000E0 
0.86000000000000010.2661441 0.1181000 0.1181000 0.2661441 0.1181000 0.1181000 0.0033659 0.0016386 0.0016386 0.0033659 0.0016386 0.0016386 0.00000E0 0.00000E0 0.00000E0 0.00000E0 0.00000E0 0.00000E0 
0.910.2661441 0.1181000 0.1181000 0.2661441 0.1181000 0.1181000 0.0033828 0.0016386 0.0016386 0.0033828 0.0016386 0.0016386 0.00000E0 0.00000E0 0.00000E0 0.00000E0 0.00000E0 0.00000E0 
END OF FILE
