--- FULL PARAMETRICAL OUTPUT ---
----------------------------------------------
Time of the calculation       : 12-04-2018 10:09:08
Type of the calculation       : Basic approximated
Name of the project           : Nový projekt
Name of the span              : Nové rozpätie

Total number of wires         : 7
Number of phase conductors    : 6
Number of ground wires        : 1
Number of parametrical steps  : 59
----------------------------------------------

parameter - R012[fv] - L012[fv] - C012[fv]
0.01 0.3227458 0.1194105 0.1194105 0.3227458 0.1194105 0.1194105 0.0018001 0.0003128 0.0003128 0.0018001 0.0003128 0.0003128 5.63352E-9 9.12021E-9 9.12021E-9 5.63352E-9 9.12021E-9 9.12021E-9 
0.060000000000000005 0.7789837 0.4372448 0.4372448 0.7789837 0.4372448 0.4372448 0.0026218 0.0003148 0.0003148 0.0026218 0.0003148 0.0003148 7.19343E-9 1.29806E-8 1.29806E-8 7.19343E-9 1.29806E-8 1.29806E-8 
0.11 0.8012026 0.4600831 0.4600831 0.8012026 0.4600831 0.4600831 0.0026602 0.0003149 0.0003149 0.0026602 0.0003149 0.0003149 7.96837E-9 1.51658E-8 1.51658E-8 7.96837E-9 1.51658E-8 1.51658E-8 
0.16000000000000003 0.8051462 0.4641737 0.4641737 0.8051462 0.4641737 0.4641737 0.0026664 0.0003149 0.0003149 0.0026664 0.0003149 0.0003149 8.54916E-9 1.69357E-8 1.69357E-8 8.54916E-9 1.69357E-8 1.69357E-8 
0.21000000000000002 0.8071658 0.4662729 0.4662729 0.8071658 0.4662729 0.4662729 0.0026695 0.0003149 0.0003149 0.0026695 0.0003149 0.0003149 9.03437E-9 1.85092E-8 1.85092E-8 9.03437E-9 1.85092E-8 1.85092E-8 
0.26 0.8084050 0.4675625 0.4675625 0.8084050 0.4675625 0.4675625 0.0026715 0.0003149 0.0003149 0.0026715 0.0003149 0.0003149 9.46157E-9 1.99716E-8 1.99716E-8 9.46157E-9 1.99716E-8 1.99716E-8 
0.31000000000000005 0.8092437 0.4684358 0.4684358 0.8092437 0.4684358 0.4684358 0.0026728 0.0003149 0.0003149 0.0026728 0.0003149 0.0003149 9.84953E-9 2.13666E-8 2.13666E-8 9.84953E-9 2.13666E-8 2.13666E-8 
0.36000000000000004 0.8098491 0.4690666 0.4690666 0.8098491 0.4690666 0.4690666 0.0026737 0.0003149 0.0003149 0.0026737 0.0003149 0.0003149 1.02091E-8 2.27201E-8 2.27201E-8 1.02091E-8 2.27201E-8 2.27201E-8 
0.41000000000000003 0.8103066 0.4695435 0.4695435 0.8103066 0.4695435 0.4695435 0.0026744 0.0003149 0.0003149 0.0026744 0.0003149 0.0003149 1.05474E-8 2.40496E-8 2.40496E-8 1.05474E-8 2.40496E-8 2.40496E-8 
0.46 0.8106646 0.4699167 0.4699167 0.8106646 0.4699167 0.4699167 0.0026750 0.0003149 0.0003149 0.0026750 0.0003149 0.0003149 1.08690E-8 2.53672E-8 2.53672E-8 1.08690E-8 2.53672E-8 2.53672E-8 
0.51 0.8109523 0.4702167 0.4702167 0.8109523 0.4702167 0.4702167 0.0026754 0.0003149 0.0003149 0.0026754 0.0003149 0.0003149 1.11774E-8 2.66823E-8 2.66823E-8 1.11774E-8 2.66823E-8 2.66823E-8 
0.56 0.8111885 0.4704631 0.4704631 0.8111885 0.4704631 0.4704631 0.0026758 0.0003149 0.0003149 0.0026758 0.0003149 0.0003149 1.14751E-8 2.80026E-8 2.80026E-8 1.14751E-8 2.80026E-8 2.80026E-8 
0.6100000000000001 0.8113861 0.4706692 0.4706692 0.8113861 0.4706692 0.4706692 0.0026761 0.0003149 0.0003149 0.0026761 0.0003149 0.0003149 1.17642E-8 2.93344E-8 2.93344E-8 1.17642E-8 2.93344E-8 2.93344E-8 
0.66 0.8115536 0.4708440 0.4708440 0.8115536 0.4708440 0.4708440 0.0026763 0.0003149 0.0003149 0.0026763 0.0003149 0.0003149 1.20462E-8 3.06833E-8 3.06833E-8 1.20462E-8 3.06833E-8 3.06833E-8 
0.7100000000000001 0.8116976 0.4709942 0.4709942 0.8116976 0.4709942 0.4709942 0.0026766 0.0003149 0.0003149 0.0026766 0.0003149 0.0003149 1.23224E-8 3.20544E-8 3.20544E-8 1.23224E-8 3.20544E-8 3.20544E-8 
0.76 0.8118226 0.4711247 0.4711247 0.8118226 0.4711247 0.4711247 0.0026768 0.0003149 0.0003149 0.0026768 0.0003149 0.0003149 1.25939E-8 3.34526E-8 3.34526E-8 1.25939E-8 3.34526E-8 3.34526E-8 
0.81 0.8119322 0.4712390 0.4712390 0.8119322 0.4712390 0.4712390 0.0026769 0.0003149 0.0003149 0.0026769 0.0003149 0.0003149 1.28616E-8 3.48824E-8 3.48824E-8 1.28616E-8 3.48824E-8 3.48824E-8 
0.8600000000000001 0.8120290 0.4713401 0.4713401 0.8120290 0.4713401 0.4713401 0.0026771 0.0003149 0.0003149 0.0026771 0.0003149 0.0003149 1.31264E-8 3.63485E-8 3.63485E-8 1.31264E-8 3.63485E-8 3.63485E-8 
0.91 0.8121152 0.4714300 0.4714300 0.8121152 0.4714300 0.4714300 0.0026772 0.0003149 0.0003149 0.0026772 0.0003149 0.0003149 1.33889E-8 3.78556E-8 3.78556E-8 1.33889E-8 3.78556E-8 3.78556E-8 
0.9600000000000001 0.8121923 0.4715106 0.4715106 0.8121923 0.4715106 0.4715106 0.0026773 0.0003149 0.0003149 0.0026773 0.0003149 0.0003149 1.36498E-8 3.94084E-8 3.94084E-8 1.36498E-8 3.94084E-8 3.94084E-8 
1.01 0.8122619 0.4715832 0.4715832 0.8122619 0.4715832 0.4715832 0.0026774 0.0003149 0.0003149 0.0026774 0.0003149 0.0003149 1.39098E-8 4.10121E-8 4.10121E-8 1.39098E-8 4.10121E-8 4.10121E-8 
1.06 0.8123249 0.4716489 0.4716489 0.8123249 0.4716489 0.4716489 0.0026775 0.0003149 0.0003149 0.0026775 0.0003149 0.0003149 1.41693E-8 4.26720E-8 4.26720E-8 1.41693E-8 4.26720E-8 4.26720E-8 
1.11 0.8123822 0.4717087 0.4717087 0.8123822 0.4717087 0.4717087 0.0026776 0.0003149 0.0003149 0.0026776 0.0003149 0.0003149 1.44289E-8 4.43937E-8 4.43937E-8 1.44289E-8 4.43937E-8 4.43937E-8 
1.1600000000000001 0.8124345 0.4717634 0.4717634 0.8124345 0.4717634 0.4717634 0.0026777 0.0003149 0.0003149 0.0026777 0.0003149 0.0003149 1.46892E-8 4.61835E-8 4.61835E-8 1.46892E-8 4.61835E-8 4.61835E-8 
1.2100000000000002 0.8124826 0.4718136 0.4718136 0.8124826 0.4718136 0.4718136 0.0026778 0.0003149 0.0003149 0.0026778 0.0003149 0.0003149 1.49508E-8 4.80481E-8 4.80481E-8 1.49508E-8 4.80481E-8 4.80481E-8 
1.26 0.8125268 0.4718597 0.4718597 0.8125268 0.4718597 0.4718597 0.0026778 0.0003149 0.0003149 0.0026778 0.0003149 0.0003149 1.52141E-8 4.99950E-8 4.99950E-8 1.52141E-8 4.99950E-8 4.99950E-8 
1.31 0.8125676 0.4719024 0.4719024 0.8125676 0.4719024 0.4719024 0.0026779 0.0003149 0.0003149 0.0026779 0.0003149 0.0003149 1.54798E-8 5.20322E-8 5.20322E-8 1.54798E-8 5.20322E-8 5.20322E-8 
1.36 0.8126055 0.4719419 0.4719419 0.8126055 0.4719419 0.4719419 0.0026780 0.0003149 0.0003149 0.0026780 0.0003149 0.0003149 1.57484E-8 5.41690E-8 5.41690E-8 1.57484E-8 5.41690E-8 5.41690E-8 
1.4100000000000001 0.8126406 0.4719786 0.4719786 0.8126406 0.4719786 0.4719786 0.0026780 0.0003149 0.0003149 0.0026780 0.0003149 0.0003149 1.60206E-8 5.64154E-8 5.64154E-8 1.60206E-8 5.64154E-8 5.64154E-8 
1.4600000000000002 0.8126734 0.4720128 0.4720128 0.8126734 0.4720128 0.4720128 0.0026781 0.0003149 0.0003149 0.0026781 0.0003149 0.0003149 1.62971E-8 5.87832E-8 5.87832E-8 1.62971E-8 5.87832E-8 5.87832E-8 
1.51 0.8127039 0.4720447 0.4720447 0.8127039 0.4720447 0.4720447 0.0026781 0.0003149 0.0003149 0.0026781 0.0003149 0.0003149 1.65787E-8 6.12853E-8 6.12853E-8 1.65787E-8 6.12853E-8 6.12853E-8 
1.56 0.8127326 0.4720746 0.4720746 0.8127326 0.4720746 0.4720746 0.0026782 0.0003149 0.0003149 0.0026782 0.0003149 0.0003149 1.68662E-8 6.39366E-8 6.39366E-8 1.68662E-8 6.39366E-8 6.39366E-8 
1.61 0.8127594 0.4721026 0.4721026 0.8127594 0.4721026 0.4721026 0.0026782 0.0003149 0.0003149 0.0026782 0.0003149 0.0003149 1.71607E-8 6.67542E-8 6.67542E-8 1.71607E-8 6.67542E-8 6.67542E-8 
1.6600000000000001 0.8127846 0.4721289 0.4721289 0.8127846 0.4721289 0.4721289 0.0026782 0.0003149 0.0003149 0.0026782 0.0003149 0.0003149 1.74631E-8 6.97580E-8 6.97580E-8 1.74631E-8 6.97580E-8 6.97580E-8 
1.7100000000000002 0.8128084 0.4721537 0.4721537 0.8128084 0.4721537 0.4721537 0.0026783 0.0003149 0.0003149 0.0026783 0.0003149 0.0003149 1.77749E-8 7.29708E-8 7.29708E-8 1.77749E-8 7.29708E-8 7.29708E-8 
1.76 0.8128308 0.4721771 0.4721771 0.8128308 0.4721771 0.4721771 0.0026783 0.0003149 0.0003149 0.0026783 0.0003149 0.0003149 1.80974E-8 7.64198E-8 7.64198E-8 1.80974E-8 7.64198E-8 7.64198E-8 
1.81 0.8128519 0.4721992 0.4721992 0.8128519 0.4721992 0.4721992 0.0026783 0.0003149 0.0003149 0.0026783 0.0003149 0.0003149 1.84325E-8 8.01367E-8 8.01367E-8 1.84325E-8 8.01367E-8 8.01367E-8 
1.86 0.8128719 0.4722201 0.4722201 0.8128719 0.4722201 0.4722201 0.0026784 0.0003149 0.0003149 0.0026784 0.0003149 0.0003149 1.87824E-8 8.41596E-8 8.41596E-8 1.87824E-8 8.41596E-8 8.41596E-8 
1.9100000000000001 0.8128909 0.4722399 0.4722399 0.8128909 0.4722399 0.4722399 0.0026784 0.0003149 0.0003149 0.0026784 0.0003149 0.0003149 1.91494E-8 8.85342E-8 8.85342E-8 1.91494E-8 8.85342E-8 8.85342E-8 
1.9600000000000002 0.8129089 0.4722587 0.4722587 0.8129089 0.4722587 0.4722587 0.0026784 0.0003149 0.0003149 0.0026784 0.0003149 0.0003149 1.95369E-8 9.33161E-8 9.33161E-8 1.95369E-8 9.33161E-8 9.33161E-8 
2.01 0.8129260 0.4722766 0.4722766 0.8129260 0.4722766 0.4722766 0.0026785 0.0003149 0.0003149 0.0026785 0.0003149 0.0003149 1.99486E-8 9.85736E-8 9.85736E-8 1.99486E-8 9.85736E-8 9.85736E-8 
2.06 0.8129423 0.4722936 0.4722936 0.8129423 0.4722936 0.4722936 0.0026785 0.0003149 0.0003149 0.0026785 0.0003149 0.0003149 2.03895E-8 1.04392E-7 1.04392E-7 2.03895E-8 1.04392E-7 1.04392E-7 
2.11 0.8129578 0.4723098 0.4723098 0.8129578 0.4723098 0.4723098 0.0026785 0.0003149 0.0003149 0.0026785 0.0003149 0.0003149 2.08659E-8 1.10879E-7 1.10879E-7 2.08659E-8 1.10879E-7 1.10879E-7 
2.1599999999999997 0.8129726 0.4723252 0.4723252 0.8129726 0.4723252 0.4723252 0.0026785 0.0003149 0.0003149 0.0026785 0.0003149 0.0003149 2.13859E-8 1.18173E-7 1.18173E-7 2.13859E-8 1.18173E-7 1.18173E-7 
2.21 0.8129867 0.4723400 0.4723400 0.8129867 0.4723400 0.4723400 0.0026786 0.0003149 0.0003149 0.0026786 0.0003149 0.0003149 2.19604E-8 1.26456E-7 1.26456E-7 2.19604E-8 1.26456E-7 1.26456E-7 
2.26 0.8130002 0.4723541 0.4723541 0.8130002 0.4723541 0.4723541 0.0026786 0.0003149 0.0003149 0.0026786 0.0003149 0.0003149 2.26042E-8 1.35971E-7 1.35971E-7 2.26042E-8 1.35971E-7 1.35971E-7 
2.31 0.8130131 0.4723676 0.4723676 0.8130131 0.4723676 0.4723676 0.0026786 0.0003149 0.0003149 0.0026786 0.0003149 0.0003149 2.33381E-8 1.47051E-7 1.47051E-7 2.33381E-8 1.47051E-7 1.47051E-7 
2.36 0.8130255 0.4723805 0.4723805 0.8130255 0.4723805 0.4723805 0.0026786 0.0003149 0.0003149 0.0026786 0.0003149 0.0003149 2.41919E-8 1.60174E-7 1.60174E-7 2.41919E-8 1.60174E-7 1.60174E-7 
2.41 0.8130373 0.4723929 0.4723929 0.8130373 0.4723929 0.4723929 0.0026786 0.0003149 0.0003149 0.0026786 0.0003149 0.0003149 2.52105E-8 1.76037E-7 1.76037E-7 2.52105E-8 1.76037E-7 1.76037E-7 
2.46 0.8130487 0.4724047 0.4724047 0.8130487 0.4724047 0.4724047 0.0026786 0.0003149 0.0003149 0.0026786 0.0003149 0.0003149 2.64651E-8 1.95728E-7 1.95728E-7 2.64651E-8 1.95728E-7 1.95728E-7 
2.51 0.8130596 0.4724161 0.4724161 0.8130596 0.4724161 0.4724161 0.0026787 0.0003149 0.0003149 0.0026787 0.0003149 0.0003149 2.80744E-8 2.21028E-7 2.21028E-7 2.80744E-8 2.21028E-7 2.21028E-7 
2.56 0.8130701 0.4724271 0.4724271 0.8130701 0.4724271 0.4724271 0.0026787 0.0003149 0.0003149 0.0026787 0.0003149 0.0003149 3.02548E-8 2.55123E-7 2.55123E-7 3.02548E-8 2.55123E-7 2.55123E-7 
2.61 0.8130802 0.4724376 0.4724376 0.8130802 0.4724376 0.4724376 0.0026787 0.0003149 0.0003149 0.0026787 0.0003149 0.0003149 3.34458E-8 3.04372E-7 3.04372E-7 3.34458E-8 3.04372E-7 3.04372E-7 
2.66 0.8130899 0.4724477 0.4724477 0.8130899 0.4724477 0.4724477 0.0026787 0.0003149 0.0003149 0.0026787 0.0003149 0.0003149 3.87021E-8 3.83788E-7 3.83788E-7 3.87021E-8 3.83788E-7 3.83788E-7 
2.71 0.8130992 0.4724575 0.4724575 0.8130992 0.4724575 0.4724575 0.0026787 0.0003149 0.0003149 0.0026787 0.0003149 0.0003149 4.93566E-8 5.40235E-7 5.40235E-7 4.93566E-8 5.40235E-7 5.40235E-7 
2.76 0.8131083 0.4724669 0.4724669 0.8131083 0.4724669 0.4724669 0.0026787 0.0003149 0.0003149 0.0026787 0.0003149 0.0003149 8.45045E-8 1.03995E-6 1.03995E-6 8.45045E-8 1.03995E-6 1.03995E-6 
2.81 0.8131169 0.4724760 0.4724760 0.8131169 0.4724760 0.4724760 0.0026788 0.0003149 0.0003149 0.0026788 0.0003149 0.0003149 -3.26556E-7 -4.65788E-6 -4.65788E-6 -3.26556E-7 -4.65788E-6 -4.65788E-6 
2.86 0.8131253 0.4724848 0.4724848 0.8131253 0.4724848 0.4724848 0.0026788 0.0003149 0.0003149 0.0026788 0.0003149 0.0003149 -2.54923E-8 -4.51245E-7 -4.51245E-7 -2.54923E-8 -4.51245E-7 -4.51245E-7 
2.91 0.8131334 0.4724932 0.4724932 0.8131334 0.4724932 0.4724932 0.0026788 0.0003149 0.0003149 0.0026788 0.0003149 0.0003149 -3.06730E-9 -1.05596E-7 -1.05596E-7 -3.06730E-9 -1.05596E-7 -1.05596E-7 
END OF FILE
