--- FULL PARAMETRICAL OUTPUT ---
----------------------------------------------
Time of the calculation       : 12-04-2018 09:59:13
Type of the calculation       : Basic approximated
Name of the project           : Nový projekt
Name of the span              : Nové rozpätie

Total number of wires         : 3
Number of phase conductors    : 3
Number of ground wires        : 0
Number of parametrical steps  : 49
----------------------------------------------

parameter - R012[fv] - L012[fv] - C012[fv]
0.02 0.5090818 0.3610377 0.3610377 0.0037317 0.0001854 0.0001854 5.14525E-9 1.16011E-8 1.16011E-8 
0.04 0.9159967 0.7679527 0.7679527 0.0037317 0.0001854 0.0001854 5.50049E-9 1.35773E-8 1.35773E-8 
0.06 1.3354895 1.1874454 1.1874454 0.0037317 0.0001854 0.0001854 5.73254E-9 1.50832E-8 1.50832E-8 
0.08 1.3803320 1.2322879 1.2322879 0.0037317 0.0001854 0.0001854 5.90981E-9 1.63739E-8 1.63739E-8 
0.1 1.3919861 1.2439421 1.2439421 0.0037317 0.0001854 0.0001854 6.05533E-9 1.75401E-8 1.75401E-8 
0.12000000000000001 1.3983234 1.2502794 1.2502794 0.0037317 0.0001854 0.0001854 6.17991E-9 1.86256E-8 1.86256E-8 
0.13999999999999999 1.4026353 1.2545913 1.2545913 0.0037317 0.0001854 0.0001854 6.28954E-9 1.96556E-8 1.96556E-8 
0.16 1.4058249 1.2577809 1.2577809 0.0037317 0.0001854 0.0001854 6.38789E-9 2.06463E-8 2.06463E-8 
0.18 1.4082943 1.2602503 1.2602503 0.0037317 0.0001854 0.0001854 6.47741E-9 2.16083E-8 2.16083E-8 
0.19999999999999998 1.4102664 1.2622223 1.2622223 0.0037317 0.0001854 0.0001854 6.55982E-9 2.25498E-8 2.25498E-8 
0.22 1.4118787 1.2638346 1.2638346 0.0037317 0.0001854 0.0001854 6.63637E-9 2.34765E-8 2.34765E-8 
0.24 1.4132218 1.2651777 1.2651777 0.0037317 0.0001854 0.0001854 6.70798E-9 2.43932E-8 2.43932E-8 
0.26 1.4143580 1.2663140 1.2663140 0.0037317 0.0001854 0.0001854 6.77540E-9 2.53035E-8 2.53035E-8 
0.28 1.4153319 1.2672878 1.2672878 0.0037317 0.0001854 0.0001854 6.83918E-9 2.62107E-8 2.62107E-8 
0.30000000000000004 1.4161759 1.2681318 1.2681318 0.0037317 0.0001854 0.0001854 6.89981E-9 2.71174E-8 2.71174E-8 
0.32 1.4169143 1.2688703 1.2688703 0.0037317 0.0001854 0.0001854 6.95765E-9 2.80260E-8 2.80260E-8 
0.34 1.4175659 1.2695218 1.2695218 0.0037317 0.0001854 0.0001854 7.01302E-9 2.89383E-8 2.89383E-8 
0.36000000000000004 1.4181451 1.2701010 1.2701010 0.0037317 0.0001854 0.0001854 7.06619E-9 2.98564E-8 2.98564E-8 
0.38 1.4186633 1.2706192 1.2706192 0.0037317 0.0001854 0.0001854 7.11738E-9 3.07820E-8 3.07820E-8 
0.4 1.4191296 1.2710856 1.2710856 0.0037317 0.0001854 0.0001854 7.16678E-9 3.17166E-8 3.17166E-8 
0.42000000000000004 1.4195516 1.2715075 1.2715075 0.0037317 0.0001854 0.0001854 7.21457E-9 3.26619E-8 3.26619E-8 
0.44 1.4199352 1.2718911 1.2718911 0.0037317 0.0001854 0.0001854 7.26088E-9 3.36192E-8 3.36192E-8 
0.46 1.4202854 1.2722414 1.2722414 0.0037317 0.0001854 0.0001854 7.30585E-9 3.45901E-8 3.45901E-8 
0.48000000000000004 1.4206065 1.2725624 1.2725624 0.0037317 0.0001854 0.0001854 7.34958E-9 3.55759E-8 3.55759E-8 
0.5 1.4209019 1.2728578 1.2728578 0.0037317 0.0001854 0.0001854 7.39219E-9 3.65782E-8 3.65782E-8 
0.52 1.4211745 1.2731305 1.2731305 0.0037317 0.0001854 0.0001854 7.43376E-9 3.75983E-8 3.75983E-8 
0.54 1.4214270 1.2733829 1.2733829 0.0037317 0.0001854 0.0001854 7.47438E-9 3.86377E-8 3.86377E-8 
0.56 1.4216614 1.2736173 1.2736173 0.0037317 0.0001854 0.0001854 7.51411E-9 3.96979E-8 3.96979E-8 
0.5800000000000001 1.4218796 1.2738356 1.2738356 0.0037317 0.0001854 0.0001854 7.55304E-9 4.07805E-8 4.07805E-8 
0.6 1.4220833 1.2740393 1.2740393 0.0037317 0.0001854 0.0001854 7.59121E-9 4.18871E-8 4.18871E-8 
0.62 1.4222739 1.2742298 1.2742298 0.0037317 0.0001854 0.0001854 7.62869E-9 4.30194E-8 4.30194E-8 
0.64 1.4224526 1.2744085 1.2744085 0.0037317 0.0001854 0.0001854 7.66553E-9 4.41790E-8 4.41790E-8 
0.66 1.4226204 1.2745763 1.2745763 0.0037317 0.0001854 0.0001854 7.70179E-9 4.53679E-8 4.53679E-8 
0.68 1.4227783 1.2747343 1.2747343 0.0037317 0.0001854 0.0001854 7.73750E-9 4.65880E-8 4.65880E-8 
0.7000000000000001 1.4229273 1.2748832 1.2748832 0.0037317 0.0001854 0.0001854 7.77272E-9 4.78414E-8 4.78414E-8 
0.7200000000000001 1.4230679 1.2750238 1.2750238 0.0037317 0.0001854 0.0001854 7.80749E-9 4.91303E-8 4.91303E-8 
0.74 1.4232010 1.2751569 1.2751569 0.0037317 0.0001854 0.0001854 7.84185E-9 5.04570E-8 5.04570E-8 
0.76 1.4233270 1.2752829 1.2752829 0.0037317 0.0001854 0.0001854 7.87583E-9 5.18240E-8 5.18240E-8 
0.78 1.4234466 1.2754025 1.2754025 0.0037317 0.0001854 0.0001854 7.90948E-9 5.32340E-8 5.32340E-8 
0.8 1.4235602 1.2755161 1.2755161 0.0037317 0.0001854 0.0001854 7.94283E-9 5.46900E-8 5.46900E-8 
0.8200000000000001 1.4236683 1.2756242 1.2756242 0.0037317 0.0001854 0.0001854 7.97592E-9 5.61951E-8 5.61951E-8 
0.8400000000000001 1.4237712 1.2757271 1.2757271 0.0037317 0.0001854 0.0001854 8.00878E-9 5.77527E-8 5.77527E-8 
0.86 1.4238693 1.2758252 1.2758252 0.0037317 0.0001854 0.0001854 8.04146E-9 5.93665E-8 5.93665E-8 
0.88 1.4239630 1.2759189 1.2759189 0.0037317 0.0001854 0.0001854 8.07399E-9 6.10404E-8 6.10404E-8 
0.9 1.4240525 1.2760084 1.2760084 0.0037317 0.0001854 0.0001854 8.10641E-9 6.27789E-8 6.27789E-8 
0.92 1.4241381 1.2760940 1.2760940 0.0037317 0.0001854 0.0001854 8.13875E-9 6.45868E-8 6.45868E-8 
0.9400000000000001 1.4242201 1.2761760 1.2761760 0.0037317 0.0001854 0.0001854 8.17106E-9 6.64693E-8 6.64693E-8 
0.9600000000000001 1.4242986 1.2762546 1.2762546 0.0037317 0.0001854 0.0001854 8.20337E-9 6.84322E-8 6.84322E-8 
0.98 1.4243740 1.2763299 1.2763299 0.0037317 0.0001854 0.0001854 8.23573E-9 7.04819E-8 7.04819E-8 
END OF FILE
