3400000001 -464475.56 -1230198.91 258.70
3400000002 -464474.42 -1230199.46 258.70
3400000003 -464473.50 -1230197.65 258.66
3400000004 -464474.65 -1230197.14 258.68
3200000005 -464475.08 -1230196.63 258.23
3200000006 -464476.16 -1230198.94 258.27
3200000007 -464473.96 -1230199.98 258.18
3200000008 -464472.88 -1230197.67 258.13
3050000009 -464474.54 -1230198.28 258.79
2000000010 -464470.45 -1230200.31 257.85
3050000011 -464466.45 -1230202.17 258.59
3400000012 -464467.48 -1230202.78 258.40
3400000013 -464466.34 -1230203.33 258.37
3400000014 -464465.40 -1230201.55 258.47
3400000015 -464466.56 -1230200.95 258.44
3200000016 -464467.00 -1230200.49 257.55
3200000017 -464468.09 -1230202.81 257.66
3200000018 -464465.88 -1230203.87 257.66
3200000019 -464464.82 -1230201.53 257.60
5010000022 -464435.60 -1230206.49 253.82 5.84
5010000023 -464440.01 -1230205.46 254.78 12.48
5010000024 -464441.54 -1230200.75 255.29 11.96
5010000025 -464438.61 -1230197.33 254.59 5.07 
5010000026 -464424.30 -1230191.80 253.95 5.94
3400000027 -464272.32 -1229969.31 231.14
3400000028 -464270.43 -1229970.13 231.08 
3400000029 -464269.66 -1229968.20 231.16
3400000030 -464271.54 -1229967.43 231.12
3400000031 -464279.06 -1229966.49 231.15
3400000032 -464278.39 -1229964.57 231.18
3400000033 -464280.29 -1229963.78 231.12
3400000034 -464280.93 -1229965.65 231.20
3400000036 -464250.56 -1229721.87 231.08
3400000037 -464250.13 -1229719.95 231.09
3400000038 -464252.04 -1229719.51 231.12
3400000039 -464252.50 -1229721.45 231.08
3200000040 -464252.75 -1229721.62 230.77
3200000041 -464250.41 -1229722.11 230.76
3200000042 -464249.90 -1229719.81 230.77
3200000043 -464252.22 -1229719.29 230.80
3050000044 -464251.30 -1229720.69 231.19
3050000046 -464260.55 -1229718.66 231.24
3400000047 -464259.81 -1229719.82 231.13
3400000048 -464259.37 -1229717.92 231.12
3400000049 -464261.31 -1229717.48 231.10
3400000050 -464261.75 -1229719.41 231.08
3200000051 -464261.99 -1229719.58 230.75
3200000052 -464259.71 -1229720.03 230.83
3200000053 -464259.20 -1229717.72 230.86
3200000054 -464261.45 -1229717.26 230.83
4400000055 -464422.13 -1230054.09 233.64
4400000056 -464422.75 -1230055.46 233.62
4400000057 -464421.39 -1230055.96 233.56
4400000058 -464420.83 -1230054.64 233.52
6500000059 -464499.62 -1230185.90 259.40
6500000069 -464484.40 -1230169.47 255.26
6500000076 -464470.96 -1230154.70 251.53
6500000083 -464462.00 -1230145.89 248.77
6500000089 -464450.90 -1230131.56 245.06
6500000090 -464445.84 -1230123.62 242.69
6500000105 -464432.95 -1230108.25 234.75
2200000105 -464432.95 -1230108.25 234.75
2200000091 -464395.15 -1230153.40 234.61
2200000092 -464391.61 -1230151.37 234.47
5100000093 -464392.19 -1230148.47 234.60 2.0
5100000094 -464390.33 -1230129.85 233.82 2.0
2200000095 -464407.03 -1230138.99 234.84
2200000096 -464404.50 -1230136.07 234.74
2200000097 -464413.46 -1230131.80 234.77
2200000098 -464411.02 -1230129.22 234.60
2200000099 -464419.89 -1230124.81 234.65
2200000100 -464417.47 -1230121.45 234.51
2200000101 -464427.44 -1230115.71 234.68
2200000102 -464424.93 -1230112.44 234.60
2200000103 -464431.18 -1230110.65 234.73
2200000104 -464428.98 -1230107.09 234.67
2200000106 -464438.24 -1230099.82 234.69
2200000107 -464435.34 -1230096.62 234.65
2200000108 -464450.46 -1230076.42 234.78
2200000109 -464449.17 -1230069.92 234.66
5100000110 -464428.49 -1230022.66 233.33 2.0
5100000112 -464424.45 -1230031.97 233.31 2.0
5100000114 -464417.55 -1230049.98 233.09 2.0
5100000116 -464411.31 -1230066.06 232.91 2.0
5100000118 -464405.88 -1230079.82 232.87 2.0
5100000120 -464400.54 -1230093.85 233.00 2.0
5100000122 -464398.25 -1230099.99 233.22 2.0
5100000124 -464395.15 -1230110.06 233.51 2.0
5100000126 -464392.31 -1230121.36 233.81 2.0
2200000130 -464367.25 -1230133.54 230.43
2200000131 -464363.06 -1230126.32 230.55
2200000133 -464371.99 -1230117.81 230.66
2200000134 -464367.34 -1230112.24 230.75
2200000136 -464377.09 -1230103.93 230.77
2200000137 -464372.92 -1230098.46 230.97
2200000139 -464381.40 -1230094.18 230.92
2200000140 -464377.18 -1230088.66 231.17
2200000142 -464385.64 -1230084.48 231.15
2200000143 -464381.65 -1230079.50 231.26
2200000145 -464388.91 -1230077.56 231.30
2200000146 -464385.40 -1230071.92 231.31
2200000148 -464395.29 -1230064.96 231.54
2200000149 -464392.18 -1230058.96 231.54
2200000151 -464403.62 -1230048.65 231.81
2200000152 -464400.57 -1230043.00 231.81
2200000154 -464402.40 -1230039.33 231.89
2200000155 -464406.58 -1230030.96 232.04
2200000156 -464413.59 -1230029.20 232.16
2200000157 -464409.65 -1230037.03 232.07
2200000160 -464422.73 -1230011.64 232.54
2200000161 -464421.13 -1230001.77 232.55
5300000162 -464417.96 -1229996.78 230.43 1.0
5300000163 -464415.05 -1229991.46 230.87 1.0
6000000164 -464412.83 -1229989.26 232.33 15.0
6000000165 -464395.40 -1230022.37 231.84 15.0
5300000132 -464360.70 -1230123.53 229.33 1.0
5300000135 -464365.20 -1230109.32 229.39 1.0
5300000138 -464370.40 -1230092.92 229.48 1.0
5300000141 -464374.31 -1230084.98 229.63 1.0
5300000144 -464378.85 -1230076.02 229.71 1.0
5300000147 -464382.83 -1230067.94 229.77 1.0
5300000150 -464389.73 -1230054.21 229.90 1.0
5300000153 -464397.78 -1230037.79 230.03 1.0
5300000158 -464403.63 -1230025.87 230.14 1.0
5300000166 -464400.79 -1230019.91 230.53 1.0
5300000167 -464395.15 -1230031.21 230.42 1.0
5300000168 -464386.71 -1230048.13 230.25 1.0
5300000169 -464378.90 -1230064.02 230.19 1.0
5300000170 -464374.23 -1230073.39 230.11 1.0
5300000171 -464370.54 -1230080.89 230.03 1.0
5300000172 -464365.16 -1230091.51 229.90 1.0
5300000173 -464357.37 -1230118.86 229.66 1.0
40000000bc -464354.47 -1230102.63 230.92
40000000bc -464350.00 -1230101.44 230.84
4000001339 -464353.93 -1230083.24 231.05
2800000181 -464387.22 -1230043.89 230.96
2800000184 -464357.53 -1230049.95 230.62
2800000185 -464346.72 -1230051.89 230.41
2800000186 -464335.93 -1230053.67 230.26
2800000187 -464304.39 -1230058.52 229.97
2800000189 -464295.35 -1230048.28 230.21
2800000190 -464326.17 -1230042.22 230.62
2800000193 -464335.89 -1230039.97 230.75
2800000194 -464346.99 -1230038.04 230.95
2800000197 -464368.54 -1230048.04 230.88
2800000198 -464378.06 -1230045.88 231.08
2800000200 -464370.45 -1230033.70 231.42
2800000201 -464360.47 -1230035.19 231.31
6500000221 -464319.31 -1229972.85 228.52
6500000242 -464304.72 -1229970.66 229.20
6500000293 -464339.75 -1229916.63 228.74
6500000296 -464323.02 -1229960.42 228.35
6500000298 -464335.20 -1229926.27 228.68
6500000237 -464317.32 -1229943.33 229.53
6500000239 -464309.10 -1229960.45 229.37
6500000284 -464329.71 -1229911.52 230.46
6500000292 -464329.76 -1229916.65 229.58
2500000224 -464282.96 -1230008.31 230.44
2500000225 -464290.16 -1229987.19 230.47
2500000226 -464295.56 -1229974.71 230.52
2500000227 -464301.66 -1229962.51 230.55
2500000228 -464306.74 -1229953.07 230.62
2500000229 -464306.03 -1229952.27 230.61
2500000230 -464308.14 -1229946.87 230.62
2500000231 -464308.92 -1229949.04 230.65
2500000232 -464314.96 -1229937.60 230.57
2500000233 -464320.04 -1229927.26 230.60
2500000234 -464324.60 -1229916.22 230.63
2500000235 -464314.11 -1229931.83 230.65
2500000244 -464299.05 -1229961.00 230.52
2500000245 -464302.04 -1229949.65 230.58
2500000246 -464308.29 -1229922.70 230.64
2500000247 -464309.68 -1229917.05 230.67
2500000248 -464311.69 -1229909.59 230.68
2500000249 -464304.80 -1229938.09 230.58
5250000252 -464316.87 -1229916.46 230.57 11.58
5250000253 -464323.40 -1229897.36 230.64 11.60
5250000254 -464329.47 -1229879.60 230.70 9.62
5250000255 -464335.17 -1229862.86 230.70 9.64
5250000256 -464341.34 -1229844.83 230.75 11.61
5250000257 -464347.66 -1229826.16 230.81 11.65
2500000258 -464353.70 -1229830.82 230.93
2500000259 -464349.53 -1229828.29 230.91
2500000260 -464345.30 -1229825.47 230.90
2500000261 -464341.33 -1229822.66 230.91
2500000285 -464327.26 -1229908.38 230.73
2500000286 -464332.76 -1229892.19 230.74
2500000287 -464337.90 -1229877.05 230.78
2500000288 -464328.73 -1229859.20 230.78
2500000289 -464324.11 -1229872.75 230.76
2500000290 -464319.49 -1229886.36 230.77
6500000262 -464333.52 -1229816.35 230.45
6500000275 -464301.41 -1229908.67 230.09
6500000271 -464302.16 -1229883.98 230.74
6500000272 -464298.22 -1229870.50 227.42
6500000348 -464297.35 -1229833.98 231.05
6500000362 -464302.26 -1229793.61 231.25
6500000374 -464299.61 -1229738.54 230.04
6500000375 -464287.03 -1229727.84 229.97
6500000376 -464287.54 -1229715.96 230.21
2800000263 -464324.11 -1229801.69 230.10
2800000265 -464318.40 -1229832.06 230.02
2800000267 -464313.81 -1229848.15 230.82
2800000269 -464307.48 -1229867.65 230.40
2800000271 -464302.16 -1229883.98 230.74
2800000274 -464296.48 -1229899.26 230.59
2800000277 -464291.56 -1229916.16 230.71
2800000279 -464287.91 -1229927.94 230.68
2800000280 -464283.02 -1229939.14 230.21
2800000282 -464272.18 -1229965.37 229.66
2800000327 -464259.51 -1229962.11 230.13
2800000328 -464272.48 -1229924.77 230.40
2800000329 -464277.05 -1229910.61 230.26
2800000330 -464282.32 -1229895.05 230.54
2800000338 -464290.25 -1229874.84 230.55
2800000347 -464298.53 -1229850.36 230.61
2800000349 -464304.83 -1229829.10 230.93
2800000350 -464309.23 -1229815.85 231.02
2800000364 -464310.41 -1229782.59 230.70
4000001339 -464238.45 -1229856.68 230.13
4000001339 -464229.31 -1229717.67 230.71
40000000bc -464413.56 -1229974.37 232.47
40000000bc -464414.80 -1229975.79 232.60
40000000bc -464401.07 -1230000.66 232.34
40000000bc -464394.69 -1230015.02 232.27
5200000304 -464375.64 -1229927.17 231.50 2.49
5200000305 -464382.87 -1229928.75 231.72 2.50
5200000310 -464363.01 -1230019.74 231.40 2.56
5200000311 -464355.81 -1230017.96 231.23 2.65
3800002001 -464478.18 -1230196.02 275.88
3800002002 -464469.92 -1230199.58 275.93
3800002003 -464461.99 -1230203.79 275.87
3700002004 -464476.05 -1230193.15 275.06
3700002005 -464475.75 -1230193.40 275.00
3700002006 -464467.79 -1230196.73 275.05
3700002007 -464467.51 -1230196.99 274.92
3700002008 -464459.84 -1230201.00 274.82
3700002009 -464459.57 -1230201.16 274.98
3700002010 -464474.52 -1230198.22 282.58
3700002011 -464466.37 -1230202.10 282.59
3300002021 -464480.29 -1230195.44 275.91
3300002038 -464460.57 -1230204.89 275.85
3500002022 -464439.74 -1230149.53 264.74
5010002014 -464436.86 -1230199.35 255.00 12.29
5010002015 -464438.39 -1230202.23 255.00 17.77
5010002016 -464437.66 -1230199.82 255.00 7.35
5010002019 -464421.27 -1230191.28 254.00 6.00
5010002020 -464422.57 -1230196.42 254.00 10.78
5010002023 -464435.43 -1230203.82 255.00 12.19
5010002024 -464436.35 -1230201.73 255.00 9.55
5010002027 -464431.79 -1230097.64 234.47 8.08
5010002028 -464424.73 -1230094.22 234.16 9.97
5010002029 -464417.71 -1230090.85 233.85 8.68
4820002030 -464420.07 -1230054.79 241.34
4820002031 -464420.42 -1230055.59 241.33
4820002032 -464420.77 -1230056.42 241.32
4720002033 -464419.28 -1230055.12 241.08
4720002034 -464419.63 -1230055.95 241.09
4720002035 -464419.98 -1230056.80 241.08
4320002036 -464422.46 -1230054.04 241.42
4320002037 -464422.99 -1230055.28 241.42
3700002039 -464251.28 -1229720.61 256.66
3700002040 -464260.58 -1229718.60 256.66
3800002041 -464246.74 -1229722.07 247.97
3800002042 -464256.07 -1229720.41 247.99
3800002043 -464265.25 -1229717.97 247.96
3700002044 -464246.85 -1229725.77 247.45
3700002045 -464247.21 -1229725.72 247.30
3700002046 -464256.18 -1229724.09 247.37
3700002047 -464256.53 -1229724.02 247.17
3700002048 -464265.36 -1229721.65 247.28
3700002049 -464265.71 -1229721.57 247.09
3300002050 -464244.68 -1229722.12 247.97
3300002051 -464267.18 -1229717.12 247.94
4320002052 -464229.36 -1229717.73 241.49
4320002053 -464238.45 -1229856.73 241.04
5250002054 -464316.29 -1229917.44 230.57 11.58
5250002055 -464322.81 -1229898.50 230.64 11.60
5250002056 -464328.93 -1229880.82 230.70 9.62
5250002057 -464334.38 -1229864.46 230.70 9.64
5250002058 -464340.85 -1229845.43 230.75 11.61
5250002059 -464347.06 -1229827.00 230.81 11.65
5000002061 -464309.46 -1229895.83 230.64 3.38
5000002062 -464313.57 -1229897.21 230.64 3.55
5000002063 -464315.53 -1229891.42 230.64 3.58
4720002065 -464353.85 -1230083.53 240.42
4520002066 -464369.97 -1230076.78 239.53
4520002067 -464389.32 -1230068.65 239.37
4520002068 -464405.14 -1230062.02 239.97
5010002069 -464445.10 -1230070.15 234.47 8.15
5010002070 -464438.12 -1230066.78 234.16 10.00
5010002071 -464431.18 -1230063.46 233.85 8.72
4300002072 -464414.25 -1229975.69 240.79
4700002073 -464414.27 -1229975.70 240.54
4300002074 -464395.04 -1230015.06 240.54
4700002075 -464395.03 -1230015.08 240.18
4300002076 -464376.42 -1230056.19 239.53
4700002077 -464376.43 -1230056.21 239.16
4300002078 -464355.15 -1230102.88 239.19
4700002079 -464355.13 -1230102.87 238.92
4300002080 -464350.07 -1230101.52 238.90
4700002081 -464349.97 -1230101.53 238.37
4300002082 -464376.27 -1230049.54 239.18
4700002083 -464376.23 -1230049.54 238.67
4700002084 -464400.97 -1230000.54 240.86
4700002085 -464413.13 -1229974.54 240.78
3000000010 -464470.49 -1230200.23 257.85
3100000011 -464275.34 -1229966.94 230.05
3000000012 -464255.93 -1229719.67 230.64
300000011A -464270.10 -1229900.14 230.54
300000011B -464323.46 -1230024.46 230.57
2000000020 -464462.18 -1230204.25 257.03
2000000021 -464478.91 -1230196.19 258.67
2000000035 -464275.52 -1229967.10 230.05
2000000045 -464255.89 -1229719.74 230.64
2000000060 -464478.72 -1230196.36 258.72
2000000061 -464479.50 -1230197.83 258.75
2000000062 -464462.97 -1230205.93 256.91
2000000063 -464461.93 -1230204.37 256.98
2000000064 -464460.32 -1230202.35 256.79
2000000065 -464454.11 -1230195.55 256.42
2000000066 -464461.16 -1230189.18 256.72
2000000067 -464464.41 -1230185.30 256.82
2000000068 -464473.29 -1230181.24 257.78
2000000070 -464442.02 -1230177.46 256.07
2000000071 -464439.64 -1230179.87 254.25
2000000072 -464447.21 -1230172.35 255.93
2000000073 -464450.35 -1230169.49 256.26
2000000074 -464454.41 -1230166.12 255.82
2000000075 -464464.58 -1230162.19 253.53
2000000077 -464431.83 -1230167.89 251.24
2000000078 -464437.84 -1230161.35 251.02
2000000079 -464441.88 -1230157.18 250.76
2000000080 -464444.97 -1230154.60 250.54
2000000081 -464448.99 -1230151.87 249.39
2000000082 -464458.03 -1230147.30 248.92
2000000084 -464419.26 -1230153.06 244.92
2000000085 -464426.26 -1230147.09 244.75
2000000086 -464432.43 -1230142.22 245.21
2000000087 -464434.65 -1230140.06 244.76
2000000088 -464442.10 -1230135.78 244.83
2000000111 -464424.42 -1230014.99 230.71
2000000113 -464416.47 -1230030.77 230.27
2000000115 -464411.34 -1230041.30 230.27
2000000117 -464404.80 -1230054.29 230.00
2000000119 -464397.36 -1230068.34 229.73
2000000121 -464390.79 -1230081.50 229.63
2000000123 -464388.01 -1230086.89 229.53
2000000125 -464383.45 -1230096.08 229.45
2000000127 -464379.18 -1230106.95 229.29
2000000128 -464374.04 -1230120.74 229.12
2000000129 -464370.22 -1230134.15 228.95
2000000159 -464403.40 -1230034.91 229.73
2000000177 -464353.03 -1230074.00 231.02
2000000178 -464359.96 -1230068.01 231.09
2000000179 -464367.09 -1230061.65 231.07
2000000180 -464374.28 -1230055.19 230.92
2000000182 -464376.43 -1230056.57 231.24
2000000183 -464376.16 -1230049.57 231.02
2000000188 -464300.24 -1230053.20 227.56
2000000191 -464331.03 -1230047.77 227.73
2000000192 -464341.36 -1230045.89 227.86
2000000195 -464352.75 -1230043.85 228.00
2000000196 -464364.68 -1230041.70 228.17
2000000199 -464374.59 -1230039.90 228.34
2000000202 -464328.24 -1230030.13 230.60
2000000203 -464335.57 -1230024.42 230.71
2000000204 -464321.15 -1230036.37 230.50
2000000205 -464314.37 -1230029.76 230.29
2000000206 -464312.46 -1230026.25 230.28
2000000207 -464323.61 -1230024.64 230.57
2000000208 -464330.24 -1230018.42 230.75
2000000209 -464322.35 -1230019.34 230.50
2000000210 -464312.08 -1230021.03 230.51
2000000211 -464339.14 -1230020.55 230.91
2000000212 -464346.99 -1230015.60 231.00
2000000213 -464354.90 -1230011.08 231.22
2000000214 -464310.61 -1230015.10 230.38
2000000215 -464307.93 -1230007.51 228.38
2000000216 -464291.19 -1230024.64 228.17
2000000217 -464294.67 -1230028.63 230.01
2000000218 -464317.98 -1229999.54 230.68
2000000219 -464315.75 -1229989.52 229.12
2000000220 -464323.83 -1229981.39 230.51
2000000222 -464288.08 -1230011.40 228.77
2000000223 -464284.90 -1230009.98 230.18
2000000236 -464316.66 -1229939.90 230.45
2000000238 -464308.40 -1229956.79 230.40
2000000240 -464301.27 -1229972.00 230.26
2000000241 -464301.41 -1229977.57 229.19
2000000243 -464303.66 -1229992.34 228.86
2000000250 -464294.03 -1229954.71 229.89
2000000251 -464290.90 -1229973.53 230.00
2000000264 -464318.72 -1229800.33 227.86
2000000266 -464314.19 -1229825.14 227.66
2000000268 -464309.37 -1229839.04 227.81
2000000270 -464302.55 -1229858.18 227.52
2000000273 -464293.65 -1229887.54 227.36
2000000276 -464286.81 -1229905.22 227.34
2000000278 -464282.85 -1229919.01 227.24
2000000281 -464278.15 -1229931.12 227.23
2000000283 -464265.95 -1229966.34 227.21
2000000291 -464318.78 -1229877.79 230.48
2000000294 -464343.09 -1229913.79 228.84
2000000295 -464328.01 -1229967.41 230.53
2000000297 -464339.92 -1229934.27 230.59
2000000299 -464346.23 -1229921.81 230.74
2000000300 -464356.43 -1229915.69 230.88
2000000301 -464353.34 -1229907.53 228.90
2000000302 -464367.53 -1229897.48 228.84
2000000303 -464374.08 -1229902.48 231.24
2000000312 -464321.13 -1230013.41 230.58
2000000313 -464332.08 -1229992.80 230.87
2000000314 -464341.14 -1229988.29 230.95
2000000315 -464377.16 -1230015.74 231.66
2000000316 -464386.40 -1230012.25 231.90
2000000317 -464395.96 -1230008.88 232.16
2000000318 -464385.51 -1229985.06 231.86
2000000319 -464376.24 -1229989.41 231.60
2000000320 -464366.78 -1229993.87 231.39
2000000321 -464354.67 -1229970.93 231.06
2000000322 -464365.51 -1229966.22 231.30
2000000323 -464375.07 -1229962.09 231.50
2000000324 -464364.72 -1229939.29 231.16
2000000325 -464355.82 -1229943.19 230.92
2000000326 -464346.66 -1229947.12 230.73
2000000331 -464270.19 -1229900.34 230.54
2000000332 -464259.48 -1229901.15 230.31
2000000333 -464260.72 -1229906.41 230.42
2000000334 -464266.12 -1229917.60 230.46
2000000335 -464259.71 -1229893.29 230.32
2000000336 -464269.48 -1229893.25 230.43
2000000337 -464279.42 -1229892.88 230.58
2000000339 -464279.47 -1229876.86 230.57
2000000340 -464268.53 -1229877.80 230.23
2000000341 -464258.50 -1229878.65 230.08
2000000343 -464257.11 -1229856.76 230.23
2000000344 -464266.57 -1229855.68 230.35
2000000345 -464276.21 -1229854.67 230.49
2000000346 -464285.73 -1229853.11 230.80
2000000351 -464301.09 -1229820.18 231.24
2000000352 -464290.35 -1229825.12 230.83
2000000353 -464280.28 -1229827.75 230.71
2000000354 -464274.16 -1229829.80 230.54
2000000355 -464264.60 -1229829.88 230.33
2000000356 -464255.00 -1229830.55 230.16
2000000357 -464253.00 -1229804.68 230.12
2000000358 -464262.52 -1229803.90 230.25
2000000359 -464274.25 -1229802.87 230.44
2000000360 -464283.50 -1229800.81 230.69
2000000361 -464291.13 -1229797.98 230.78
2000000363 -464291.26 -1229771.32 230.51
2000000365 -464281.61 -1229776.19 230.44
2000000366 -464269.77 -1229780.44 230.22
2000000367 -464260.92 -1229781.23 230.07
2000000368 -464251.21 -1229780.93 230.09
2000000369 -464248.63 -1229750.24 230.42
2000000370 -464258.24 -1229750.17 230.35
2000000371 -464262.73 -1229749.57 230.29
2000000372 -464269.04 -1229747.60 230.35
2000000373 -464279.06 -1229743.86 230.50
2000000377 -464265.39 -1229717.75 230.69
2000000378 -464265.32 -1229714.38 230.64
2000000379 -464246.33 -1229721.75 230.71
2000000380 -464246.70 -1229725.02 230.66

